-0.1773633,-0.4639134,0.2406757,-0.3851734,-0.1250132
-0.05167562,0.2510265,-0.4490299,0.08727854,-0.1491904
-0.09203082,-0.015495,0.2825166,0.07799631,-0.06612545
0.117806,-0.2764813,-0.2097487,-0.387853,-0.3239113
0.4601977,-0.3010584,-0.009041727,-0.09304124,0.1030605
-0.09974891,-0.2290207,-0.1880066,-0.2639139,-0.1714067
-0.11014,-0.3951733,-0.4873073,0.4885744,0.07830554
-0.1982564,0.2158888,-0.01693708,-0.289921,0.1281946
0.2572323,0.3176074,-0.4164929,-0.02215677,0.3025599
-0.06577581,0.08102673,0.1256386,-0.4016184,0.495018
;
-0.06615001,-0.1130466,0.1220526,0.2982596,-0.2664871,0.3824391,-0.1858359,-0.07195264,0.06012577,0.1460272
-0.3034296,0.07114977,0.1437121,-0.326498,0.3209444,0.2609981,-0.3268771,-0.2915626,-0.1225871,-0.1479231
;
