-0.1773633,-0.4511071,0.2406757,-0.5387807,-0.1250132
-0.05167562,0.2510265,-0.0197197,0.08727854,0.1491904
-0.09203082,-0.015495,0.2825166,0.07799631,-0.09961208
0.117806,-0.2764813,-0.4803374,0.3249513,-0.07109411
0.4601977,-0.3010584,-0.009041727,-0.09304124,0.1030605
-0.09974891,-0.2290207,-0.1880066,-0.2639139,-0.2733897
-0.11014,-0.07654692,-0.09823306,0.4885744,0.07830554
-0.1982564,0.2158888,-0.01693708,0.3838335,-0.1281946
0.2572323,0.3176074,-0.08400036,0.02215677,0.3025599
-0.06577581,0.08102673,0.1256386,-0.4016184,0.495018
;
-0.06615001,-0.1130466,0.1220526,-0.3323159,-0.2664871,0.3824391,-0.1858359,-0.07195264,-0.06012577,0.01306654
-0.3034296,0.07114977,0.1437121,-0.03334997,0.1511233,0.2609981,-0.3268771,0.2915626,-0.1225871,-0.1479231
;
